[VERTICES]
;;Link           X-Coord            Y-Coord           
;;-------------- ------------------ ------------------
1002		20189.1231074892		80758.81215707678
1002		20135.542037497275		80971.05853076931
1002		20029.703219994903		81379.27081152983
1002		20031.42198599875		81751.99397876114
1002		20118.255065822043		81923.36659906991
1002		20138.886439359747		81966.06486070342
1002		20214.3388162693		82106.54285685997
1006		20178.952341547236		80538.56354682334
1006		20189.352386885323		80718.43073541299
100710		20003.21100021247		80133.55476891156
100725		19942.44221152179		79943.42831316032
100725		19931.734622682445		79948.32302627154
100725		19927.18468198087		79963.62360950466
100725		19955.611749050207		80032.46979063842
100725		19990.282793706283		80122.54241235554
100725		19943.996021602303		80138.19271659199
1018		19163.899628277868		78075.77225550637
101905		19945.694589966908		77814.93959827349
101905		19234.72443666216		78030.74447433371
101918		21534.873978290707		78334.04962441511
101918		21529.85168686509		78328.15159748495
101918		21523.43286878057		78324.31988037098
101918		21515.684085387737		78323.20615127776
101918		21508.50101621356		78323.6963263005
101918		20864.25422709342		78523.3478339808
101918		20787.438424293883		78542.38488474488
101920		19082.22724837344		77882.44426962454
101920		19142.288382083178		78028.60644054506
101920		19137.46143575944		78035.2341390485
101920		19106.85456866771		78048.12024949305
101947		22378.718525772914		76487.63644222636
101947		22328.214368090965		76415.52394129802
1024		18968.959823737852		77553.41829292476
1025		19099.28934388794		76741.61074024905
102510		21043.635675161146		76125.8373317346
102510		21028.47610618733		76120.88322749455
102510		20866.05926002469		76171.64248973317
102510		20856.36017978564		76184.28194623813
1028		19070.968864263967		76688.07000796031
1028		19077.85328188818		76732.87706984207
103105		18973.486161950976		76519.08307472616
103105		18758.61537205521		76061.2934899088
103125		20425.94696560409		75866.62762804888
103125		19380.008407732472		76185.4734717533
103125		19362.901828699745		76184.65298380703
103125		19341.964992234483		76146.32713823579
103130		21440.241652231663		75545.70784640964
103130		21405.05748321954		75568.73043368198
103130		20453.747358964756		75857.97254640516
103145		23451.41740522161		75024.80154324137
103145		23432.32134259958		75026.10427334905
103145		23424.562294850126		75020.73951613158
103145		23387.751243236475		74966.27467120718
103145		23372.631721585058		74959.44744943269
103145		23352.441850693896		74961.80797732901
103145		23256.965125817806		74991.89989801217
103145		23212.311072233133		75013.61179840472
103170		18635.637372570112		75765.8237997992
103170		18642.39750549849		75798.00827525835
103170		18749.646277209744		76031.98173807655
103175		18660.247829746455		75728.73705603182
103175		18647.771312025376		75739.51829365827
103186		23597.30809838511		74200.39576804079
103186		23567.794243901037		74210.28875473049
103186		23559.76681342721		74296.84879502188
103186		23800.575954424217		74822.09410644975
1034		18613.11737693101		75750.06078587286
1034		18625.835802682675		75769.63711674698
1034		18661.503605647013		75804.00276687928
10351		18461.019727831706		75814.17918220721
103510		19067.403891226277		75594.05836381204
103510		19025.534956540912		75603.92485580966
103510		18659.713321506977		75716.50659523159
1039		18653.854987710714		75497.10543266684
103905		18787.558375025168		75478.75013989955
103905		18719.486167174764		75496.08129314147
1050		18619.771812798455		75116.96560533065
1051		18644.055772592314		74868.63968342636
10511		18475.11301680375		74936.37821033597
10511		18433.566370775923		74964.15444007237
105140		22807.100433366373		73637.694649145
105140		22786.473502331413		73587.32973889168
1054		18653.747001630254		74204.63665069547
1054		18592.731169984676		74390.6811093064
105510		19678.5003639739		73944.53361445572
105510		19649.37882404588		73905.44093420077
105510		19616.265673016198		73885.53944497742
105510		19579.655686367303		73896.14533320908
105510		18942.458008802496		74093.13688927703
105541		24457.92557448242		72498.26833414566
105541		24454.162915278226		72508.81123621762
105541		24454.845654647797		72520.23714781646
105542		24534.975759296678		72585.78649642039
105542		24539.867923175916		72590.49959904049
105542		24541.08540932648		72596.66509793513
105542		24541.986867046915		72602.61136585847
105556		26250.290531425737		71939.16926716268
105556		26248.684338697232		71947.21655669622
105905		19522.042960099876		73402.37636608258
105905		19486.749503454193		73421.16329648066
105905		19485.46768597141		73534.72873410583
105905		19465.452583732083		73548.9633035129
1062		18514.83819955215		73742.520083284
1062		18512.47565700952		73775.43789885193
1066		18832.370745492168		72983.82915104833
1066		18795.20980484318		73152.48744950723
106787		24161.00735859014		72330.21680951118
106801		25953.074453337118		71394.1797903236
106801		25933.776802157983		71407.38616008218
106802		26173.0525705209		71929.35751411878
106802		26176.34832287859		71933.10125631839
106802		26182.879653627053		71937.61714601424
106802		26241.67313178163		71952.25957249478
106802		26250.233183529228		71955.24744753819
107110		20653.37366998475		71755.20001032483
107110		20601.12380460929		71678.04418737907
107110		20588.803855200298		71669.52593363822
107125		21984.177956735715		71481.72834327072
107125		21970.278577274643		71480.42666342668
107125		21955.77089127805		71473.16458402015
107125		21859.218470321037		71363.48136066273
107125		21844.71034833789		71356.21970254742
107125		21832.482101422735		71353.30321275908
107125		21822.532857603393		71354.73273388017
107125		21815.5461360896		71358.20987806655
107125		21780.537672399543		71383.853187453
107125		21682.72018696461		71414.53318674117
107125		21659.710534470156		71431.85618598294
107130		22242.91022915952		71328.29622070119
107135		22613.975076879375		71187.4524381496
107135		22602.886549505405		71186.70874316897
107135		22567.48957601376		71163.61935452279
107135		22558.37560104672		71164.24090365786
107135		22539.76893915329		71170.76195761934
107140		22956.186972063966		71087.58472378086
107140		22932.034413510934		71084.73215463012
107150		23554.307495447807		70890.33030635305
1074		18581.167880879715		71827.585070014
107565		25126.93824288901		70120.92625530064
107565		25188.62701175362		70226.16405053064
107565		25226.419427732937		70236.37394163944
108150		23644.00018562097		68991.70649127755
108150		23614.897545863874		69015.50239567645
108152		24006.12635761965		68393.00721742399
108152		24023.090705809183		68404.7366992291
108152		24132.097086613998		68427.03863294795
108152		24144.5440368047		68430.1547620548
108505		18462.18265303597		70383.5167648634
108510		18642.214193631895		70314.92051838245
108510		18626.060443063267		70343.27166293841
108510		18606.750860100612		70356.2674155403
108510		18511.446477241814		70394.56090183929
108512		18685.520790534094		70307.61134143826
108925		19592.044603057206		69153.12804834824
1092		17424.82487921603		69403.06915768888
1096		17269.485002556816		69175.46591222938
1100		24155.030701424927		82122.4463901082
1130		24798.808655614965		81174.86524489522
1130		24682.920484955423		81245.21387904696
1130		24606.894656460732		81311.10816483572
11301		24369.01094977185		81662.09056229144
11301		24273.351140500978		81909.70697339252
1150		25767.691318969242		80522.50395100005
1150		25719.05674690474		80565.7151945103
1150		25345.416825853288		80854.84904341865
1150		25236.377996601164		80929.93344604969
1150		25148.584385786206		80984.48951760028
11501		26109.492527105846		79942.42018511612
11501		26086.856012736447		80032.42192743067
11501		26075.283105302602		80126.8722468866
11501		26079.693117693998		80232.37274665851
11501		26049.674717958085		80291.65803780872
11501		26017.54613085836		80330.27386652958
11501		25916.75654579606		80382.24774677772
11501		25823.340754667297		80423.31131418329
11521		25979.709847343154		79897.50881354045
11521		25904.72388106957		79890.48423760757
11521		25878.216958868317		79942.59221410751
11523		25866.331013216637		80241.72947763838
11524		25718.86849663034		80501.55313337967
11524		25628.971759051085		80577.06579377316
11524		25263.93295188714		80846.53414949216
11524		25165.778958116658		80903.53134592343
11524		25024.603529763408		80975.60559093021
11524		24915.90899419505		81012.50861511566
11524		24818.630371252075		81057.30482434575
11525		24578.42506288644		81198.57689661812
11525		24476.775695015676		81346.00415805262
11525		24281.9054109063		81640.28352058679
11525		24197.473779398948		81831.6314119678
11525		24148.510065684095		81996.27684919909
11525		24079.341075183824		82108.53253344633
11525		24034.76377383992		82253.80009011924
1155		26309.07267595362		79652.50888969563
1155		26170.625689349137		79813.92482481617
1155		26156.209665724076		79862.39880926162
1160		26532.372436556965		78994.5714994166
1160		26483.70146969054		79276.50183357764
1160		26478.59117846284		79378.16260891687
1165		26594.04708542954		77967.74318484962
1165		26540.210067142732		78047.4007827118
1165		26513.933383502066		78093.51815328561
1165		26445.03859552089		78215.36194160674
1170		27515.55990903452		77623.08423512988
1170		27256.578586393036		77742.0696454104
1170		27131.57665660139		77807.58762497082
11801		27957.2611133568		77548.61854899395
1205		33925.855491125025		75838.86828318425
1210		34316.41354893893		75979.47436015401
1210		34275.02573003434		75984.74658425525
1210		34242.19034713972		76000.44997944962
1310		34392.476079714485		75829.27321977261
1310		34340.45174538251		75861.60153856128
1400		25994.52875544969		79769.46215000376
1405		26380.61463521421		77922.58556704782
1415		27526.655893106945		77315.98762928601
1415		27329.701675342396		77401.48131776322
1415		27222.436550198123		77406.1323915394
1415		26785.290631376207		77537.37213170994
1415		26615.080638136715		77597.02296299394
1415		26545.11059291009		77647.16465302557
1415		26460.017258885317		77741.03653828893
1425		29959.915953853168		76546.46429492347
1425		29867.945716081187		76595.64489281736
1449		31927.15362266358		76292.36554690823
1502		31727.39363881573		74320.47327362839
1502		31889.151403884403		74684.51454147417
1502		31889.93627895415		74692.19428007212
1502		31809.556162179448		74738.9254024988
1502		31295.935834561475		74897.71289381944
1502		31288.759948684834		74904.64692900702
1509		33440.51721298043		72416.71630267706
1509		33435.64448082168		72425.26880200021
1509		33434.39716707356		72434.16121097561
1509		33438.85730126966		72442.66414180864
1509		33446.29026296269		72452.13843318354
1509		33629.77106314059		72588.75546953641
1509		33636.96581778489		72595.89756168891
1509		33639.99928812962		72604.4974569995
1509		33637.97936825827		72612.85567100439
1509		33636.3752196366		72618.24974868447
1509		33101.31271794345		73076.33994000405
1509		33015.97085790336		73211.33809403516
1510		34105.91359084565		71801.77318313811
1510		34107.68636643235		71810.4019438941
1510		34107.468011098914		71825.72917539906
1510		34103.44598014187		71834.38924384303
1510		34097.83642097842		71840.60519905388
1515		33927.32477375679		71457.46803152654
1515		33968.32633828465		71501.79421184212
1520		33937.508853392676		70219.02123152651
1520		33939.2216102751		70246.42214739695
1520		33930.86955859233		70281.6108514145
1545		32327.49143730942		66823.09541557543
1545		32318.45040532481		66831.83173538279
1545		32310.95120687317		66843.50745192543
1545		32311.4682479389		66860.72575309873
1545		32484.777785543352		67195.99773783237
1545		32491.887814552523		67302.0778813446
1551		32247.977659570053		66352.02559384517
1551		32240.453640767373		66346.82334023248
1551		32232.348077920265		66329.70863340143
1551		32223.66447768733		66313.15333662834
1551		32213.354621357284		66324.24952037726
1551		32163.64043949265		66341.67207129765
1551		32158.064843613654		66349.32735766843
1551		32154.330823601224		66356.3377927756
1551		32349.169678570703		66745.23806294426
1551		32353.276398934424		66760.54696835112
1551		32349.122651699		66775.89960621111
1555		32147.05256133061		65831.4983367389
1555		32147.48689839244		65852.71402793191
1555		32122.96748981625		65867.13498696219
1555		32081.814263558947		65888.35622977093
1555		32064.46552725695		65905.12025724724
1555		32058.59123309329		65932.43281268794
1555		32058.73776067607		65950.83535505459
1565		31139.907412825152		63890.89551233873
1601		17112.53681712132		68492.86322628986
1601		16868.07548633404		68559.46351589914
1601		16817.178218379617		68582.19111395534
1601		16800.422532144003		68554.80969271064
16011		16887.12165422924		68572.96125536878
160120		19454.44132595323		67733.23452886101
160140		21702.80018694233		67992.71756850183
160146		23738.36187177524		67183.01589898113
160147		23994.505484399386		67614.86938209832
160150		25314.25882313028		67067.98719022144
160150		25269.747043263167		67106.32942347508
160162		25713.72630140651		65853.20461170655
160162		25947.98055446986		65647.85715851933
160162		25945.05277130287		65632.00970070995
160162		25934.760362337343		65620.94355221
160162		25820.696614026092		65593.42256560363
160171		19282.5806680955		68783.86414769944
160171		19127.907607388683		68650.32115944289
160171		18993.36798611842		68627.59445081186
160171		18738.27315986622		68694.40745679662
160171		18594.537104588933		68532.32781712804
160171		18430.30050164275		68527.06683007628
160171		18367.32972121425		68379.03236144222
160171		18155.272270904854		68435.70337080769
160172		20228.949557784945		68408.4438522989
160172		20206.236436804757		68432.63771317527
160172		20040.032520628534		68494.41374005098
160172		20006.373174799606		68497.7400225969
160173		21525.132183128037		67919.60547774658
160173		21374.240405881777		67946.37093000021
160176		18696.65568234492		68224.06400402449
160176		18702.517803203315		68240.68419757672
160176		18701.831004250795		68254.34685472213
160190		21672.06931830384		68027.36059974693
1605		16668.974109466188		68248.01874695998
1605		16561.799136392772		68288.11679686885
160500		16692.84764870815		67958.06180141494
160500		16689.21524469368		67963.43610591628
160500		16689.477120150812		67976.23332671449
160500		16770.73745525349		68168.04559000954
160503		18433.848931475542		67425.01696597971
160503		17905.421961243264		67633.852070692
160503		17731.649876588024		67668.08721535094
160503		16893.664520456456		67899.88065851852
160510		17089.616933600046		68363.29205921106
160510		17078.629093924537		68347.8090325594
160510		17057.606721452437		68336.42851496302
160510		16947.316836025566		68331.1392505262
160510		16923.097684679553		68339.62668878958
160510		16856.75431308523		68355.26078644674
160510		16783.370306139812		68189.39634493552
160520		17688.218325317837		67940.14951305185
160531		18081.51669852063		68032.17194559425
160540		19622.516608529724		67594.96530633233
160550		19500.635040187277		67285.45849309023
160550		19478.775895086117		67327.81045848504
160550		19513.39179995004		67379.28025484458
160555		19409.679916881025		66892.14142041467
160556		19365.780765729956		66710.94122134987
160557		20409.69307572767		66428.26821392588
160557		20403.453183127567		66421.55939158797
160560		20765.02661307063		66496.76647089794
160560		20752.615309759043		66491.7763499245
160560		20695.985230830498		66356.84510539565
160560		20689.154959753156		66352.12252251618
160560		20678.84547006339		66352.1776559269
16063		16643.701077505946		68228.59163451288
160742		12877.456383913755		60551.04036657326
160742		13252.7105684774		60439.38502065651
1608		16257.22735710349		67913.7078152299
160900		16576.325084809214		67628.17065101583
160900		16570.20355353318		67626.95410003047
160900		16564.991488077678		67624.85873517953
160900		16560.46835343633		67619.72068794537
160911		16685.655220450833		66850.61495298427
160911		16686.072216364555		66861.70896259975
160911		16534.902598566376		67001.39695215691
160911		16524.77120247949		67021.40649455227
160911		16520.92334419675		67046.8403717922
160911		16548.79190133512		67109.33199870121
160911		16578.667947178707		67135.39208716247
160911		16600.89922656305		67163.72991215158
160911		16617.97644062061		67204.713012781
160913		17460.085481642745		67146.30712587573
160913		17390.465778072365		67183.98961062543
160913		17122.461901630275		67240.05285051744
160913		16948.452130513266		67282.43805872928
160913		16896.920728391968		67294.18748197611
160913		16766.743937831372		67324.8638837533
1613		15979.501695209183		67393.83484853338
16130		16504.875612937845		67240.62346848939
16130		15978.63178415224		67385.0693004001
161320		18497.83787004091		66664.76707931422
161320		18393.81023418624		66713.97017110139
161382		28303.914029063657		63891.6786995884
161382		28292.047573437914		63891.4133027019
161382		27916.05865353532		64022.44322439656
161382		27876.10759607982		64030.54533658642
161382		27841.812975932844		64016.75731343869
161382		27639.90516635962		63611.197435637936
16139		16591.343350891955		67179.66144981701
1614		15678.927236247808		67429.70898879971
161430		18464.409442615695		67397.54642782081
161430		18255.690761066973		67360.48602546565
161430		18201.7432659287		67350.56885841396
161430		18095.16319254879		67336.20778865181
161430		18078.01468630787		67331.19677266479
161430		18059.927002108656		67324.3959064642
161430		18043.216160221957		67316.26460201666
161430		18031.011148217134		67307.82581824157
161430		17821.270739016123		67157.101889126
161460		21156.092311434448		66384.24983805604
161460		21138.061444606632		66378.35699035879
161460		21026.89485846646		66382.16506942734
161460		21014.31518013403		66379.01571145467
161701		16675.81735832058		66662.3089186037
161701		16659.28636647854		66669.71729423292
161701		16643.841402894817		66678.36008429248
161701		16627.230613996275		66688.12940756138
161701		16603.971865351312		66704.8942335276
161701		16462.7754617054		66814.4931079233
161701		16452.65529780183		66821.98749497905
161701		16448.841668298468		66828.52803358342
161701		16446.167204936966		66836.82324046269
161701		16446.274369920604		66844.14280811418
161701		16448.31687835604		66854.73239491228
161701		16510.36780255381		67001.48978631292
161701		16511.615085081197		67010.56395731587
161701		16511.90834013		67022.8429875616
161701		16507.591691697016		67033.86652533524
161701		16504.54706491623		67044.80325992778
161701		16494.693303549662		67054.89651830401
161701		16485.50086450856		67062.066048651
161701		16477.26142211631		67066.03000702057
161701		16471.91083523538		67070.05876892712
161701		16461.94887805544		67072.83174691722
161702		17819.869288321584		66214.84313597158
161702		17833.440834986977		66239.86903721187
161702		17830.06452010572		66251.2211205354
161702		17397.619198665023		66400.95787532907
161702		17342.39002046082		66418.49678913318
161702		17324.107403147034		66436.16322279349
161710		17773.81595005002		66120.09074981138
161710		17771.119406673126		66124.97597886156
161746		19696.00473210588		64545.331045903265
162100		15845.532412698492		66948.07567233965
162100		15844.247300357558		66954.515707382
16211		15785.681348466314		66972.62257164717
16211		15767.421223271638		66972.44853450079
16211		15654.271557644941		67004.31184571423
16211		15642.735276127234		67014.6843664581
16211		15483.002611608244		67058.24720184784
162120		16474.911812040955		66027.56145776063
162120		15740.737017253414		66284.85593431722
162120		15611.424564096145		66333.55739315227
162121		15638.271536429413		66335.42461303994
162130		17450.822751762345		65718.04048830085
162131		17498.39311564155		65681.5795746725
162131		16486.05531268008		66022.91538254172
162135		18056.49373664707		65510.63464366179
162135		17562.838794081472		65679.90415506903
162145		18356.972396365367		65381.399331980385
162150		18853.8376793582		65209.56424902566
16219		16481.129052327946		66814.39569464512
16219		15881.29828165099		66988.79479975998
162210		16603.30652683694		66688.97695829812
162210		16457.44769391045		66803.08112294972
162210		15862.539485598914		66968.50107399933
162220		16683.477388828993		66677.74887373019
162220		16661.540752178058		66682.38598472346
162261		17754.993160271086		66115.95083354414
1626		15430.359515596181		66376.99452903867
1626		15435.644778283313		66381.95919112489
1626		15443.22932433337		66383.92711259797
1626		15448.010452260263		66383.95597326383
1626		15573.810674094595		66339.86847072467
1626		15581.574612616561		66339.33904852439
1626		15596.455972923897		66340.45312347077
1626		15608.390820015222		66346.73925628047
1626		15615.473012647592		66352.29154811427
1626		15620.039439523593		66358.72576948069
162720		17608.11246444471		65416.09431501385
162730		18295.230339235626		65293.17991822772
162730		18177.203489137813		65286.165707939304
162730		17988.867625591345		65312.71621435974
162730		17889.363391652703		65347.58763675112
162730		17778.138635203242		65374.35526087321
162740		18588.190008026548		65167.0269878665
162750		18911.33779855445		64837.22671219427
162750		18882.844665765762		64886.8845008146
1631		15132.1947245989		65756.2845613882
16310		15557.738444789313		65587.88266750798
16310		15214.879482096992		65702.1068766918
16310		15151.535779513419		65738.14731227979
163101		15166.196252156049		65711.73125793319
163120		18026.146774492227		64438.91638648044
163180		17773.52504612226		64757.38245661557
163180		17753.93280644063		64777.80190327205
163180		17736.205148560926		64808.31642625108
163180		17727.10179741122		64833.47151359264
163180		17724.760893300176		64859.528861748986
1635		14641.09209271241		65267.31811379362
16350		14925.651869427413		65193.88990406133
16350		14670.586159450933		65283.84639534261
16358		14921.007926085964		65185.44924195483
16358		14665.649050069973		65274.91321364138
16390		14988.035067209043		64879.350246381015
163900		14843.688058939762		64933.03065209463
163908		15367.01626899466		64626.34966250975
163908		15336.362070911564		64757.86688923277
163908		15164.584651268087		64820.85136009846
163908		15012.63807482645		64859.13506100699
163920		17770.741960216314		63960.91143982578
163920		17436.53916606866		64043.90462588146
163920		17365.67974760942		63939.36194133293
163940		17991.221476676874		64169.05399081111
163950		18325.35346799344		64543.89602862205
163950		18167.4896836197		64598.28543453757
163950		18088.86819873657		64440.76972359419
163960		18205.667210914195		64335.343154912814
163960		18088.09711039532		64376.07892001886
163970		18087.18682924658		64079.00241487194
163970		17958.100327332504		64124.24134003837
16399		14984.727811426856		64869.59402392618
16399		14834.611209193245		64912.21248288825
164590		14703.822049490176		64076.81844233628
164590		14483.195599194616		64159.575569106266
16550		17572.495356975123		62300.72824575845
16550		14323.968972605653		63406.31294565741
16630		14185.533615387045		62264.67371070385
16630		14176.353844491765		62275.376804583706
16630		14165.644365897402		62291.22261786088
16630		14168.282549481839		62306.997043157
16630		14198.393215713091		62380.517647370696
16630		14196.78054976277		62394.90323022287
16630		14189.640580231324		62405.467127381824
16630		14181.990081051365		62411.02792315837
16630		14170.258512322791		62416.86682093609
166310		14257.628712642938		61549.707024000585
166310		14252.600236577913		61553.19384036213
166310		14250.437714975327		61562.144396488555
166352		18210.067752808332		59957.34934445098
166352		18203.150609385222		59954.45883048605
1666		14140.560705013573		62387.219421285205
1666		14142.203356577083		62395.53560773097
1666		14136.821943222545		62404.97950828262
1666		14127.896357838064		62410.77531833574
1666		13844.203128171153		62491.07895255089
1666		13837.57410164643		62496.069655079395
1666		13831.33967753034		62504.923767323606
1666		13828.387308571488		62514.85029866453
167202		13231.564735542983		60090.62129285559
167202		13224.571527604945		60097.37880694587
167214		17508.019043761306		58618.99065870978
167217		18077.536878922023		58434.781589838676
1678		13192.57902555354		60122.30534692574
168100		12927.8271569442		58256.539982211776
168100		12911.750058931299		58280.32798343245
168112		16573.662197112106		56511.62991555128
168112		16563.186456884257		56513.01196702756
168112		16506.474516137503		56477.497039825656
168112		16497.214713707566		56474.791448224336
168112		16482.88728608284		56478.43945674319
168212		16853.30553102214		57125.49422528129
168212		16764.280585474335		57098.927051780745
168300		12934.475549122319		58321.63667974714
168300		12917.881783856079		58310.16342621576
168302		13085.588573700748		59000.86468336731
168302		13063.891628960148		58999.82416655868
168302		13048.445024886169		58984.49035778362
168631		16019.298265374266		56641.49989214353
168632		15847.964304188266		56349.1601007143
168632		15952.76838982664		56623.0651519876
168632		15971.223165113479		56629.46430667117
168632		16001.966872871853		56632.34398885071
168633		15799.765790116973		56281.612229535356
168634		15740.85219788272		55951.43662367668
168634		15738.369136980735		55959.78611400165
168634		15731.578758283518		55965.157440642826
168634		15672.176834071055		55997.56752045825
168652		17792.00284858793		57509.91097925417
168653		17683.967441974208		57607.82453562226
168653		17686.33800020162		57597.35118091013
168673		20606.841053343378		56357.798566168174
168673		20601.476514043286		56349.24850422889
168673		20585.915822112933		56341.39423112571
168673		20569.45501502976		56343.56645666342
168673		19962.169191937894		56535.53250299115
168673		19951.17741625663		56534.708987738006
168673		19944.963580752723		56530.41262045875
168674		20969.084373352118		56944.27854963206
168674		20962.26989063155		56937.26712344028
168674		20954.888641606085		56932.16358364094
168674		20947.823360451497		56930.15357118752
168674		20900.51105392445		56922.16730977781
168674		20891.805208866484		56919.02297938522
168674		20884.013690010644		56913.63577101007
168674		20877.48354184348		56905.67033669632
16868		22214.825121312402		55270.9425705662
16868		22219.877863014117		55283.69516111724
16868		22218.948038782924		55291.282829218544
16868		22215.450856203213		55297.09465285204
16868		22208.144192495383		55302.33089122549
16868		22201.035359252244		55306.160140128806
16871		12807.772103806958		56796.88544733729
16871		12799.05891116988		56794.30700153671
16871		12789.892931333743		56796.23905870132
16871		12317.376799625345		56943.65704874229
16884		12813.740260593593		56795.33409961406
16884		12806.288324813358		56792.33834271971
16884		12795.564042138867		56789.9550822312
169001		12294.813329153694		56933.93571687583
169002		12828.409810144454		56270.1034085406
1693		12768.948194651864		56767.23905101232
1693		12776.241710512899		56768.688465525396
1693		12782.747518816963		56771.7491780119
1693		12788.781587434001		56779.51471581403
17005		11546.402829995379		57145.97451917734
17005		11517.77446060814		57124.49487479124
1705		11593.503517018631		57085.85085418634
1715		12725.477039900608		55712.05605106335
1715		12756.034550960176		56075.081477887
1725		11534.843290973455		53091.27442692779
1725		11778.91837449558		53348.676808671094
1725		12139.013378974982		54057.68497048784
1731		11150.825216668658		53073.22383463569
1732		11170.031615657732		53027.39708822593
1733		11323.820336128585		52925.17494553886
1740		9887.223844753578		51562.73432590999
1760		9339.158055112697		50291.29553460423
1760		9343.913767424412		50324.153201648965
1776		23280.932758031413		82453.8611972956
1776		23145.589670266956		82477.00923974067
1776		23031.37043810077		82479.74451479968
1776		22901.141374694183		82462.07247481309
1776		22800.99962811824		82420.84665202256
1776		22683.18326192256		82358.06244697515
1776		22581.376726969145		82315.6855569724
1776		22438.34195134323		82293.82829980087
1776		22353.702208885923		82298.33907944057
1776		22252.80187858455		82310.28402622696
1776		22160.482481261715		82330.49572622404
1776		22047.420646334067		82359.71093458775
1776		21947.158804550767		82362.7588171605
1776		21888.256380243227		82361.71964643989
1778501		21610.91002037842		82403.41074974742
1778501		21627.54741739668		82354.21627099905
1778501		21440.20609636139		82322.73538640793
177852		21850.751445980743		81775.66497837007
177853		22131.079554161057		81068.02542942856
177854		22274.79796729423		80940.7972674463
177857		22497.594837873243		80341.16037776321
1778591		25145.749837805517		78906.1863419246
1790		23519.59055000916		82377.8457436813
1800		21664.829678446986		81702.62004650757
1800		21606.158121657558		81869.86724583432
1800		21576.82303695474		81953.49060239084
1800		21532.527775236405		82042.35681794677
1805		21812.224654866382		80853.79583444074
1805		21771.76748003345		80907.522964295
1805		21742.717589889653		80960.47165725846
1805		21725.47938569542		81000.54315083567
1805		21722.089848801494		81031.62268480472
1805		21742.968114182353		81211.93301033415
1805		21735.996445377357		81328.42390193883
1810		21893.33754082769		80724.1982080834
1812		22061.69471956417		79412.94362301659
1812		22081.239491038024		79469.24059576448
1812		22095.71234874148		79535.90591685567
1812		22093.51721976977		80009.62678063754
1812		22079.393805269152		80118.96050741524
1812		22056.51644737646		80217.61604865547
1812		22031.355363760144		80308.91065476276
1812		21998.86014404241		80415.89356602263
1825		19844.184901983477		74306.75328886043
1825		20025.78034948744		74734.10515857302
1825		20048.253727866337		74849.08553184569
1835		18924.498004507273		72113.25000181235
1835		18931.22704614885		72153.47803935502
1835		19683.509675284848		73973.59444401506
1835		19702.349626118317		74004.38137471117
1835		19746.261388989165		74050.13502610568
1835		19779.879342910834		74098.83621853031
1835		19846.477243782952		74259.14421628695
1837		21287.276158120483		71183.70799102541
1837		21193.73489987105		71207.70546972193
1837		21051.718608360738		71236.61229775287
1837		18982.681781140156		72055.3269302044
1837		18960.716961867176		72065.52700139675
1837		18951.65325863473		72074.28522835672
1838		23501.57647679001		70326.43901609443
1838		23506.607622329146		70356.52027404681
1838		23505.965748872608		70388.58966614399
1838		23482.626685879193		70428.61311837845
1838		23445.66630908288		70450.35050440021
1838		22775.81056622602		70681.81042027939
1838		22701.39910502918		70701.29928977136
1838		22408.113414907828		70687.68660667725
1838		22351.373513261788		70707.5713516064
1838		21733.724057628773		70951.48109680694
1838		21649.91332361661		70994.02975894883
1838		21564.319924192503		71038.30185929313
1838		21488.13262109179		71097.94409664441
1845		21860.323337125592		67523.85113723017
1845		21867.947928870097		67539.51159826946
1845		21868.379028983414		67560.58773071412
1845		21871.09057024587		67587.13545229845
1845		21874.37014659494		67602.38921349961
1845		21883.98935572896		67620.72755632829
1852		20761.026228329167		65044.42556682043
1852		20946.87071583979		65481.98896437418
1852		21067.1565111652		65766.44081483409
1852		21118.60702970531		66278.60196092166
1852		21127.373331394047		66305.440491857
1852		21143.335152055137		66343.74796695914
1852		21378.598436000757		66708.99554121122
1852		21465.666417689994		66853.60488671437
1852		21508.852391618304		66973.06841204502
1853		20060.15354180429		63575.48726169672
1853		20188.36825876776		63979.6974088829
1853		20622.735522978008		64844.919809542596
1860		18797.355964124203		60985.08058703132
1860		18793.206455886364		61038.181268923916
1860		18796.08578703087		61078.08705181815
1870		25729.98563253507		53532.00696544163
1870		22963.519810980186		55955.58446262311
1870		21959.836098451167		56281.600384096615
1870		21889.616255410947		56272.577126062475
1870		21023.47832912393		56538.2233308889
1870		20262.80253930483		56777.33109959867
1870		20226.08720745705		56790.19787858613
1870		20191.75130210258		56809.81021796912
1870		20169.09631260857		56836.224056891166
1870		20146.792351684533		56874.356997332536
1870		20126.9428111678		56944.78851980716
1870		19819.180755262263		57894.87776524201
1870		19529.452145457268		58789.85585423093
1877		30264.87107282132		47229.60875529423
1877		30306.919655214995		47264.488462464884
1877		31529.485076213256		48193.9911611164
1877		31564.20874149259		48232.5167437857
1877		31587.31010937877		48289.136396403424
1877		31594.166751052253		48337.42809851095
1877		31577.13496093452		48377.91189295333
1877		31554.21054199338		48417.2253792882
19200		23580.990529696457		75332.09477182664
19200		23385.608382582664		75409.8073969651
19200		23163.393382786773		75475.87666091137
19200		23136.489008892328		75490.43883608747
1930		25087.502967751585		74868.97867425531
1930		25033.84170900751		74880.29043715168
1935		25502.98095756024		74865.76159487478
1935		25470.341821121983		74873.45322709717
1935		25429.51441213116		74879.51766414195
1935		25379.833237043582		74877.4439888252
1935		25305.144823991694		74866.1477707345
1935		25262.76509861462		74857.01872830465
1935		25202.684181000106		74857.84030894283
1950		34025.92053948995		71877.51603534445
1950		34004.94241128676		71885.35631002486
1950		33407.73419991415		72409.60502675828
1950		33402.18366810214		72414.9684876008
1950		33388.12645868864		72422.33608494513
1950		32547.765580619685		72681.19862770196
1950		32384.052151914686		72758.5927543724
2005		20321.531341378577		74326.11556344759
2005		20413.471228039823		74531.32579954434
2005		20409.3047774313		74546.58220246527
2005		20394.242114284076		74556.03210049495
2005		20012.968237315305		74673.28808967862
2005		19997.241152038798		74676.23287050519
2005		19988.38410594873		74684.79140534159
2005		19986.20770013891		74697.10466798022
2005		20003.315789219923		74735.70745012723
2005		20003.22295826953		74746.00736115407
2005		19996.213672653772		74755.8434736859
2005		19984.325963729993		74768.35154904053
2005		19845.582605063915		74816.65390602779
2005		19283.97381049674		74989.72937225737
2005		19170.765328749083		75047.05029527284
2005		18770.070416634902		75175.92476700991
2005		18696.456133868545		75183.75556905288
2005		18671.06668343488		75192.97399927769
2005		18652.546836202033		75207.80660480261
2005		18637.250009180047		75231.77706691436
2005		18620.958028196357		75251.60403867252
2005		18611.91114721261		75258.30396859348
200505		18648.25506251864		75317.49994939007
2007		21226.511003503576		73848.32591165137
2007		21195.322101267986		73870.3381999787
2007		20236.78291808907		74158.97770672571
20100		24473.652927068993		72821.4783751471
2050		29225.00344009511		70724.3008429287
2050		28498.828588305973		71366.23862471338
2055		29901.184071171097		69903.89631457161
2055		29895.39199871663		69913.52172216214
2055		29977.47257259395		70075.90666863322
2055		29649.420241423883		70368.73299745843
2055		29424.59719315078		70559.23572063353
20550		30585.637598215602		70287.90916884877
20550		30582.84575920459		70297.29695018753
20550		30574.155900196172		70304.02185079921
20550		30203.01865024399		70425.15342268534
20550		29777.29876871407		70801.40204168018
20550		29771.791380445473		70811.74176754523
20550		29781.1823990494		70821.06442964543
20550		29835.122093393467		70862.60404213052
20550		29834.890797412954		70869.51757906377
20550		29828.37422783114		70879.15953725204
20550		28743.70912218187		71845.31452893652
20550		28738.432950462215		71848.73994021118
20550		28736.805298993364		71860.34778910596
2056		30242.083238117397		69589.3054585727
2056		30325.565618816763		69758.83979412913
2060		30232.484629725106		69493.66404576041
2070		29616.378573220223		68243.33963293117
2070		29609.921741526574		68253.39293810725
2080		32299.33425922692		66814.8677726509
2080		32277.45064871013		66831.58456886746
2080		32274.165707240812		66848.04744793382
2080		32276.018186908215		66866.18909745011
2080		32466.394285672344		67246.98285379261
2080		32467.62912678905		67259.07742723357
2080		32460.12992833834		67270.75314377621
2080		32451.08889635466		67279.4894635845
2081		32502.478271105327		66739.9727473678
2081		32487.537080549635		66743.0706313895
2081		32359.226576152258		66787.68103900831
2081		32351.071590036154		66788.75750256237
21035		30265.029021601193		47064.341247341596
21050		30215.44166596234		46104.473856074736
21060		30550.53739085328		44804.49310960341
21060		30400.86590417102		45365.619801720604
21070		30711.343632489443		44023.1071264036
21070		30613.81117904838		44386.20985805895
21095		31287.080214102753		42560.30556901358
21095		30998.22065041773		43637.75346161146
21095		30990.699151763692		43651.8746901406
21095		30975.91952669248		43676.434755429626
21095		30961.935206958093		43702.51101417281
21130		31369.47714838013		42411.07427016087
21130		31351.12964258343		42430.05169949401
21130		31332.724992357194		42455.32154597528
21130		31315.653351793066		42486.790511186235
21130		31299.970755073242		42518.164687584154
21160		32850.980707031675		41124.938292446546
21160		32820.701345942914		41141.143452761695
21160		32791.661558623426		41159.7111466825
21160		32765.511695137247		41177.26605424564
21160		32741.95013292972		41194.10048676003
21170		32963.0965260556		41066.94644169044
21170		32938.37285857834		41084.44670298137
21170		32909.79397112969		41099.28211259656
21190		33805.56635231804		39925.59452099074
21190		33766.37818609364		39954.91182994377
21190		33751.38519783132		39967.688975374214
21190		33726.63556640688		39988.185111811385
21190		33700.93501374684		40018.14935457986
21190		33682.29639973305		40051.549433598295
21190		33670.32428742293		40093.89819501713
21190		33664.21950563323		40118.60707905516
21190		33654.55436331779		40192.9269774314
21190		33646.78959666658		40248.31037170347
21190		33642.51437878609		40300.32097193319
21190		33636.339300658554		40371.26843263488
21190		33625.320533704944		40422.95574414078
21190		33615.9660785282		40462.775071982294
21190		33586.61990011763		40513.36224833876
21190		33546.7997176433		40555.26056751609
21240		38951.316480424255		35298.934182964265
21240		38678.540770814754		35510.59904774185
2125		18957.377800241113		67492.70892966818
2125		18929.736789602786		67492.09087409172
2125		18892.141918626614		67491.5252183387
2125		18856.830535087734		67498.31816474162
2125		18825.957397517748		67503.5557085704
2125		18800.283753531985		67514.70033013448
2125		18004.2615379123		67828.88011283334
21308		44426.700231510215		30580.877963654697
2140		20222.994637613185		67694.40398567636
2140		20203.781748908572		67699.9703320004
2140		20177.072107852437		67703.49502942897
2140		20151.74025594443		67700.11761541944
2140		20011.80917056091		67675.62610586174
2141		20615.76748813782		67493.14508356899
2141		20290.102454154752		67627.70128615107
214510		23040.898882885464		66760.10177697241
214510		23063.154039708897		66798.53617050592
2150		25733.65978011675		65643.1145811649
2150		25592.445114853792		65691.76803839207
2150		25555.78193475399		65697.92770895269
2150		25516.15661081113		65704.28990873136
2150		25466.653864203952		65701.57132939436
2150		25359.37515609525		65688.16474042367
2150		25305.304749915376		65684.53860536031
2150		25265.43156919256		65688.4788187705
2150		25218.52275236789		65696.55690930877
2150		25171.246157465503		65715.63377765194
2155		26422.50852870848		65601.58064618334
2155		26329.613915342838		65594.22609927692
2155		25810.47328744363		65627.08471121266
2180		31352.178815833293		63929.39905380178
22005		46016.078507089056		29037.13626336772
22005		46028.12761620525		29049.254412105307
22005		46036.75800773408		29061.921436185017
22005		46044.91044237744		29081.24905863218
22005		46045.7763530137		29097.28694483824
2202		40438.340148476884		60925.292879542336
22060		39728.22238180321		24085.479234765284
22060		39743.768789243884		24119.0770370448
22060		39755.80347572919		24138.060642338358
22065		39750.4438547967		23991.062232036144
22065		39732.429595531896		24020.99843181204
22080		43090.59822418727		21034.87867405545
22095		44210.0416353615		20150.204087195918
22095		44148.11542759277		20216.16674243007
22095		44014.609718253836		20388.038663896732
2210		41683.72723265365		60468.169608978555
2215		42364.58705812693		60306.754221420735
22170		52279.38925046101		13066.444966902025
22170		52141.7088419972		13151.15022586286
22170		52029.371582436375		13245.201149198227
22175		53315.168576871045		12621.429645159282
22175		53191.387652179226		12683.036220211536
22186		54871.27507868968		11195.10512952134
22186		54784.50105040148		11274.121189127676
2219		42702.67172876373		60259.58629790228
22196		54919.94477119204		11220.578499178402
2220		44142.49061228335		59795.97561972868
2220		44115.37261653971		59802.69652189873
2225		44274.86572319828		59828.257165811025
2225		44259.7546601817		59818.73635741323
2225		44240.31943096407		59809.00828623865
2225		44220.63019730244		59802.8151402222
2225		44200.3820301909		59797.162089781836
2225		44183.74612659402		59796.78990188427
2245		46149.297217569314		61233.67981849518
2245		45502.57407738734		60748.354164094664
2250		46586.47111431882		61564.075109398924
2250		46420.83955991641		61454.57653887384
23000		46037.06251998898		29151.852964985184
23000		46035.33977790736		29165.2264903374
23000		46029.74993304908		29178.548327145167
23000		46020.436677767895		29191.335298411548
23000		46013.82365840394		29198.414947017096
23005		46162.3099437058		29136.20468542818
23005		46154.9593206346		29132.28737840522
23005		46142.20845357701		29128.42339643929
23005		46128.115473381244		29126.544094711542
23005		46110.731894296594		29126.46803222876
2305		30423.17063687183		49356.88391991053
23051		29333.004887357354		48534.88015634287
23051		29282.825900170952		48533.94968358986
2320		32305.937556519173		50775.24665985629
2349		37102.13519648276		54398.92779415287
2360		38285.17337287404		55286.81417569239
2360		37842.39607932605		54965.07762661297
2360		37828.70672856644		54932.22466532979
2360		37671.62656054553		54819.8277632175
2365		40114.0286814766		56699.996103682555
2365		40071.469274282455		56681.139775129035
2365		39954.9162934795		56596.32473600935
2365		39910.73058107495		56561.54584024567
2387		43525.02483319957		59229.66579957679
2388		44184.178229652345		59769.92663974874
2397		46289.74495601654		61311.7041709749
2405		30418.88680957444		49368.53363902401
2405		30434.257876247168		49391.2319809068
24051		29325.68735653814		48546.702440906316
2425		32099.775368671864		50643.7274985183
2455		37013.51915874332		54374.06136400439
2455		37035.883569272235		54383.053137616254
2455		37046.70991397463		54384.06726707239
2501		27078.27921500802		50820.84450304322
2525		35554.326407410204		57167.28359845281
2525		35536.755133846775		57158.73372336943
2525		34999.30987117533		56754.74034654349
2525		34663.55663814768		56515.39550736733
2525		34479.33968238998		56370.0280708177
2535		37585.3520036228		58737.08697195724
2535		37334.5582061531		58543.682124557905
2535		37317.160837760195		58540.22566703521
2535		36858.99033117853		58179.862890063785
2535		36796.99496962689		58119.85396267474
2535		36562.189727291465		57943.93268982321
2535		36205.59195461124		57669.51527391933
2545		38459.60697528813		59431.4815099081
25601		23457.071845551953		51389.221797155216
2565		23966.825480816886		52417.10154375434
2600		28783.947476892732		54085.61875810288
2600		28773.367628660984		54087.599530286156
2600		27598.355845788494		55130.96819435153
2600		27583.18644448463		55133.262159157544
2600		27559.602053587325		55128.57639204897
26000		28083.12253236212		15550.885911486112
26030		30438.635089208372		12671.869891945273
26030		30477.732486027293		12772.755092686974
26030		30508.48979365453		12876.562576904893
26030		30518.282380402088		13000.629057150334
26030		30474.696864585392		13109.510111843236
26030		30409.65832932666		13177.492500152439
26040		30489.46841363609		11816.439802820794
26045		30464.101841131225		11229.799955012277
26045		30421.937813444063		11296.221379337832
26045		30394.78703819588		11368.67814495042
26045		30394.797890084796		11425.161299346946
26065		32458.87656521611		9250.897848239169
26065		32391.450876021758		9295.508474158123
2715		15046.323256591335		61243.12315630354
2715		13926.29083300475		61627.02002055477
2715		13915.088620737195		61637.84468184225
2715		13909.553133991547		61651.42670692783
2715		13910.000846617855		61663.34202821273
2715		14007.76440475788		61905.0327957971
2715		14006.301560506225		61913.30640156381
2716		15044.287782271393		61253.322276353836
2716		14880.24610639736		61311.67434781883
2716		14872.544857954606		61319.1160391476
2716		14874.902770906687		61334.67427490186
2716		15014.490627546795		61571.62371758465
2716		15006.916505810805		61580.31475049537
2716		14026.611212667078		61923.86672904622
2727		18933.31859514676		59938.79727929644
2727		18887.48037130013		59926.05697779264
2729		19709.724886529148		59646.85921865702
2729		19676.654216544703		59680.85221481882
2732		23262.68171794247		58545.268096386455
2732		23252.829467167147		58546.84996374883
2732		23060.65802500397		58539.046194863506
2732		22943.715170090087		58527.01834872831
2735		24680.61239503883		58099.88156399503
2735		23996.50183345005		58312.07750895806
2735		23762.04465823155		58384.75504294969
2735		23646.338847714476		58428.04171918519
2740		26198.694646264426		57972.20039416198
27450		27057.980774470605		57589.603337753564
27450		26839.12900784053		57657.54918508697
27450		26739.25072568655		57726.21172509529
2750		27658.09646030888		57468.15187613666
2766		31522.779747055843		56175.696189623326
2766		31471.59874867741		56190.4682708662
2775		34412.75915566087		55205.76122356206
2780		37711.16563041136		54183.70035511907
2780		37675.580251298845		54195.45988505706
2810		14431.134410099126		61243.923277787864
2810		14411.320712626912		61244.62502379343
2810		13814.710278817452		61446.57627622411
2810		13809.510451709852		61450.181675949134
2810		13805.562442261726		61458.253299129196
2810		13801.613917399198		61466.32456594147
2810		13806.684752210043		61477.03130199853
2810		13878.203852315433		61647.69250669703
2810		13875.24328255374		61657.646613897756
2810		13872.875032909214		61665.61004220508
2810		13866.819617968053		61668.62387178466
2810		13854.84071936179		61675.94322247617
2824		21475.506965028122		57944.6806568522
2824		21472.041386114433		57955.23382615484
2912		11359.140376145951		52858.29574065562
2912		11200.387824589387		52987.83839407191
2915		12094.435316823423		52328.85961515177
2915		12080.604547780007		52342.22424230352
2915		12069.847040755674		52352.61918636132
2915		12065.659907585941		52377.74693102669
2915		12066.362792620435		52401.16041058116
2915		12101.030546118505		52476.08067418076
2915		12098.099839354865		52496.982540109195
2915		12088.182212735526		52515.60045001283
2915		12074.631430303678		52531.70632500015
2915		11908.362047651783		52589.9758836925
2920		15672.4039679626		51217.62634483352
2920		15015.373475030065		51329.28443029057
2925		17913.842035873793		51552.07716152724
2925		17618.747581206262		51558.45736945141
2925		17089.843339511193		51559.173192443326
29314		19560.66143305879		51620.51025753468
29314		18894.071468743496		51685.65190829616
29314		18609.910059684888		51634.29040436074
2960		25059.779196313582		51229.85408294853
2960		24833.1602845164		51278.938180834986
2970		26798.682655067183		50834.844038671814
2970		26554.39758521598		50880.81343304552
2970		26333.438482644036		50899.05931090936
2970		26234.58451128751		50908.18100102898
29750		27058.90240557026		50771.36491075903
2980		28204.302784466185		49712.76726989169
2980		28177.34630617965		49728.10433371086
2980		27799.934913655743		49854.479209226556
2980		27770.245242067613		49872.45734884497
2980		27745.650426216424		49896.22323942557
2980		27730.00110812299		49919.37829473335
2980		27714.849213927053		49947.408137694
2980		27665.23904387746		50402.358527656645
2980		27659.280625980347		50432.214783447795
2980		27643.011719049886		50464.001715554856
2980		27628.977273571305		50488.274048078805
2980		27603.016079061665		50513.36026591435
2980		27566.494950166903		50537.93962051533
2985		29028.554771300405		48841.06011433713
2985		28831.966670099646		49135.53579227999
29910		37780.50121912826		43383.876236597076
29910		37356.85235394724		43744.9272647826
29911		37642.230224679224		43267.83676412143
29911		37185.7067424031		43660.65442790836
29972		30860.840356601402		47658.222147826105
29972		30570.070475816727		47740.39552834164
29972		30554.343755089678		47747.22239947505
29972		30538.901376480237		47757.18959161732
29972		30527.208653100766		47771.541041901335
29972		30524.014051098377		47779.016229176894
30052		23724.180988170207		82805.61353339907
30052		23696.802900212817		82800.17373647913
30052		23648.563378163613		82818.08179091569
30052		23617.48871945869		82828.9720400041
30052		23588.779605314136		82828.00792478584
30052		23577.531862325035		82822.92900511995
3010		24761.43216029927		84575.00231650285
3010		24688.305615548976		84454.29418759514
3010		24517.78486767225		84220.37925759889
3407		25208.41487839911		84959.59861040488
3407		25117.694923904724		84929.24893657304
3407		25064.415284542367		84897.80633209925
3407		25010.094093493186		84838.66368236858
3407		24796.354466617107		84566.77312889416
3407		24682.540008046664		84485.38159880601
3407		24564.731955504976		84417.41675745882
3407		24439.97321563214		84368.92725880444
3407		24348.508732669987		84313.78089697938
3407		24281.45733902231		84235.04510074575
3410		27540.07748198323		85619.18901301548
3410		27365.59159289021		85651.0363169657
3410		27107.451761354692		85614.52777896728
3410		26955.157515976578		85556.55287531298
3410		26850.737804105505		85489.61370481923
3410		26659.480563556775		85289.01648696419
3410		26549.86036757566		85171.15656412113
3410		26429.863658326678		85088.18849472702
3410		26341.59981937427		85042.93640480563
3410		26187.584108487703		85036.35421809927
3410		26016.27001414355		85065.13662709855
3410		25764.19187517464		85053.85245051421
3412		30424.43589059543		86857.52319292538
3412		29843.816553947516		86347.3331897622
3412		29611.518597144634		86229.00465681683
3412		29197.63107423857		86057.6145719001
3412		28823.843923535198		85926.03271774203
3413		30874.357847376727		87119.07140348852
50091		10367.56277741678		53421.294946701266
5030		11836.269926398993		53355.30806438066
5030		11555.519335646182		53056.07048656698
5040		12191.866356986575		54065.698378128
5105		11334.314496336505		52933.74692307133
5105		11327.29076941032		52940.533927560784
5105		11337.368394579738		52975.268032046966
51082		11182.796218127944		52708.56846061442
5115		9919.56131186802		51528.84148082696
5235		10816.461454345845		52453.54792952817
5235		10805.763423277996		52462.091139532626
5235		9785.48899014853		52855.74417686276
5235		9775.958801109344		52875.72130655963
5235		10024.05767483823		53359.22751455009
5235		10024.350651293993		53367.02030301653
5235		10019.273006393574		53376.41332575865
5235		10008.034226234071		53384.581928535365
5235		9995.461408306845		53389.55224227067
5240		11910.136995946057		52001.18827709928
5240		11016.541643479839		52341.96367970575
5245		15441.637135541998		48966.802469292656
5245		15330.017077300698		48982.955805560574
5245		15217.20413536951		49018.88968520425
5245		15137.367198890075		49063.078670435585
5245		14499.84651239682		49286.5008320082
5245		13324.188525690697		49691.761202128604
5245		13199.60519593954		49714.708663599566
5245		13115.378880941309		49747.37777542509
5250		17825.166920800693		47829.61379423551
52501		17208.461313004605		48079.9645614801
52501		17203.901191744022		48115.78682166897
52501		15683.637077726424		48638.388255282305
52501		15673.1376126213		48661.43033053167
52501		15762.055403353646		48831.99663830828
52501		15746.76892998349		48855.364989050664
52553		19259.346512646414		46868.925520597026
52553		18257.263958753087		47680.158047942445
52601		22926.443864952773		43673.88245575596
52601		22904.682694663294		43686.68137365673
52602		23332.093361195177		43467.06829803344
52602		23040.811183361337		43732.07395010255
5325		9702.707015382126		52764.76597028319
5325		9702.523891207762		52808.19746813737
5325		9937.890810929239		53258.41772608552
5335		8657.46834133286		50524.50583195407
5335		8632.528319353238		50540.36621097941
5335		8615.235189535655		50563.25560482405
5335		8595.171502732672		50592.94129322935
5335		8590.686472651549		50628.17151130363
5335		8603.784208691679		50654.650642764755
5410		11067.946998462081		47340.929992206395
5410		11163.47827566322		47508.210638272576
5410		11228.757577116601		47601.623630553484
5410		11484.569766402245		47943.57756984327
5410		11675.017170565203		48181.156151333824
5410		12334.346942453645		48926.69817581773
5410		12559.040221808478		49125.66131379921
5410		12585.782261817716		49155.053097732365
5410		12589.034157382324		49186.89123322349
5410		12572.21140899323		49214.19367721863
5410		12545.393150524236		49234.58430750016
5410		12525.405893041752		49241.01085167285
5507		9711.83920184616		50033.37017294299
5507		9600.377808336169		50050.46725543309
5530		15293.865767317824		48040.19840902742
5530		14927.035990847275		48124.18315526564
5530		14908.21431854833		48139.07159599755
5530		14903.934553261846		48169.595596108586
5530		14920.93005555123		48209.24873118382
5530		14935.628432321362		48244.52381116431
5530		14921.549749189988		48251.53109128866
5531		17300.985948894173		47352.34934188239
5531		17259.176052886993		47373.15846933331
5531		17168.736383766867		47401.77511020377
5540		18449.014811175875		46350.767654834315
5545		19188.655025509186		46458.906272087246
5545		19167.750077506527		46469.31083581224
5605		10894.591978231445		46906.16737377457
5605		10880.732530911453		46916.24032678548
5605		10871.494143161923		46935.12550842669
5620		15995.089498746209		45181.86481385492
5620		15953.593310369179		45193.17649227753
5620		15770.908598597161		45221.6612343844
5635		16776.708815180697		44630.92778249085
5635		16041.430995879695		44498.74890385568
5710		10236.985884846188		48739.99374243058
5710		10228.974363327958		48754.50901825912
5710		10783.568839447573		49796.910505418666
57251		10074.455883427523		45388.39784761146
57251		9236.492138198577		45661.612748538144
57301		10185.119435015135		45317.73033738043
58012		9364.950243948959		50193.611004673876
58012		9358.590441413224		50200.81080407929
58012		9350.126465155743		50204.77129081357
58012		9345.91912319418		50209.89117456693
5805		9540.015993830748		50088.23841163423
5805		9533.405292172916		50103.9513503667
5805		9526.175799372606		50113.60123855248
5805		9430.318247151561		50147.613791470416
5805		9418.762450615875		50158.780120085925
5805		9408.318397891708		50166.20812147111
5805		9398.862180009484		50168.684647647664
5855		9158.358767739497		49701.08834158629
5855		9343.56061265897		49797.06240955461
5855		9399.869647606276		49827.97604997363
5855		9475.685499832034		49893.762248271145
5855		9535.226096563041		49956.314943486825
5855		9554.002061024308		50001.37511845399
5855		9550.783216858283		50039.247179547325
5875		8986.74495470617		46339.209908789024
5878		9358.316109149717		44686.56348899938
5878		9204.21612499468		45302.35060967319
600		29130.837364469655		48377.990317533724
600		29128.58848893922		48387.29601980932
600		29132.560851723887		48394.86904889811
600		29255.686149558984		48488.44695166685
6005		52875.87958915997		65251.01397015527
6005		52393.03017726354		64861.887995576486
6005		51960.000414860435		64533.52977972943
6005		51402.21678710915		64111.017643095925
6005		51275.0129872635		64044.12348960806
6005		50601.570958442055		63531.114716408774
6005		49126.18590881862		62442.569107527845
6005		49043.44714124221		62366.93708806392
6005		48107.65296743531		61693.589954879135
6005		47861.899078935385		61507.878315887414
6005		47716.20791919343		61396.6157204248
6005		47593.61427257024		61272.37021969538
6005		47556.651081105694		61252.07758736797
6005		47516.371146622114		61250.548733277246
6005		47483.88896886539		61257.04289804585
6005		47465.55562851671		61265.42390747648
6005		46903.96112223435		61778.24201226514
6005		46895.96112145297		61782.43512639031
6005		46885.66288755834		61783.54312478006
6005		46874.953609488904		61780.62673804816
6015		53225.81356666889		65499.68664453272
6020		57634.76531586051		66832.34229756985
6020		57608.90573921893		66847.05517838988
6020		57550.15158243291		66849.88761348929
6020		57519.87763189152		66835.47400748823
6020		57103.284952690825		66493.11324971076
6020		55887.496164564975		65587.30845423974
6020		55859.36575351283		65565.6859810017
6020		55815.38499972783		65543.9677808173
6020		55772.00358014181		65542.21987953316
6020		55726.12274420168		65558.29901773017
6020		55694.42623760551		65586.35803577956
6020		55601.014458561316		65715.15204249881
6020		55447.42032099236		65861.00034497958
6020		54674.43572734296		66541.14782593772
6020		54636.06383698713		66560.2462384319
6020		54603.5292331418		66565.99731474742
6020		54566.7015480781		66557.91656110529
6020		54542.14792909287		66543.11298932228
6020		54169.54156993423		66250.72041745204
6035		58277.639218522236		66342.115653513
6035		58113.877045214176		66401.67064673733
605		29741.463271116838		48002.08204480726
605		29695.605951107107		48011.59110985976
605		29652.437333904207		48009.22062586341
605		29603.8864506213		48005.090977896936
605		29560.827830575407		48016.53511878755
605		29530.903046935797		48029.20984545909
605		29495.46845549252		48064.16446335614
605		29432.996648859233		48110.26552464161
6060		60723.2707063593		67032.42534714192
6060		60479.070876419544		66848.88172070496
6093		65002.4371334156		71044.48828398064
6093		64988.42089611199		70964.07342982758
6093		64547.68911350053		70625.98912092205
6093		64877.628308375366		70366.31568138115
6093		64352.494892009534		69932.35120194126
6093		63576.92733672075		69346.07838734053
6093		63486.833739635535		69383.8471427802
6115		62341.207514310256		68306.58737561665
6115		62323.30900025088		68323.8826515507
6125		66393.30468452722		64691.19305630587
6125		65523.95783072524		64719.31147595495
6125		65537.65661268122		65198.469609179534
6125		65709.26622348744		65325.98608895391
6131		68801.77720184252		62452.27841730788
621		31274.223831503652		48683.44376455806
621		31201.144878736697		48641.362937560305
640		31025.5119179124		47840.15997531451
640		31003.351178946905		47830.474981873296
640		30992.736523579806		47836.288952800445
640		30853.41595719382		47959.807477383874
640		30840.121147163212		47963.76833700761
640		30825.793841823936		47957.6204078095
640		30580.672096320428		47776.864417305216
640		30564.078102200292		47772.9067821065
640		30542.9498585416		47773.33057748992
7035		15289.256592566147		34056.1732168803
7035		14733.923208375461		35146.94636488985
7040		16539.11582950782		31144.69707387965
7040		16027.021477004513		31326.68369481247
7040		15564.046562533826		31461.206362499855
7040		15274.49871786125		31532.42956067249
7040		15147.970841428265		31614.584431154653
7040		15629.985964357853		31798.57709257491
7040		15712.249703848734		31855.45584941283
7040		15562.735527227633		32417.06279730238
7040		15492.103840440512		32870.35845505819
7040		15291.613513953052		33505.28882473614
7043		16210.110049976967		31181.853198815137
7043		15590.827180192806		31371.154399728402
7043		15214.55772306677		31429.91507429257
7043		14952.204435840249		31635.2955347728
7043		15537.314607890323		31815.929121192545
7043		15631.493990514427		31901.40329030808
7043		15390.81596816983		32583.188108183444
7043		15305.31974284444		33155.13071970083
7045		18132.67362543475		30366.91512611136
7045		17666.00267092418		30641.379206076264
7050		22112.16172506567		26726.740590113215
7055		22493.11827632226		24842.79968421813
7055		22334.730147249065		25196.742097722366
7055		22151.817190567963		25811.80045809876
710		30889.24192618765		72181.01633719727
710		30882.6297776578		72192.9960445324
720		29519.91022385005		72629.28218213562
725		29003.404921908863		72236.6925659934
750		25566.382973680273		73307.69349638466
760		25488.557860362343		73251.51888608932
8010		40607.77279363852		53277.881513576955
805		23100.05705003813		74317.57357992139
805		23025.851182728074		74160.88848676626
8103		46889.59333215095		53758.88879627269
8103		46747.59152228758		53660.70597035438
8103		44388.85855800938		55691.46563938446
ISD001_underflow		35632.50690724701		76219.53974526655
ISD002_underflow		32850.562344338745		73519.43770487607
ISD005_underflow		24668.500478692353		72683.27568962798
RC21643		14339.912678019144		64434.56337759737
PUMP14@1000-1767		20334.106338037178		82114.32551187929
PUMP14@1000-1767		20320.56269525923		82050.66096980218
PUMP15@1000-1767		20347.249729366973		82112.78882678226
PUMP15@1000-1767		20335.38950931281		82050.28895880748
PUMP16@1000-1767		20306.84853301011		82115.54581782408
PUMP16@1000-1767		20291.49088826496		82049.44752714317
PUMP17@1000-1767		20361.623557608575		82115.64504010137
PUMP17@1000-1767		20348.662171931006		82050.02261208184
PUMP18@1000-1767		20292.60397605691		82113.95994287729
PUMP18@1000-1767		20276.923568184488		82052.36014996096
PUMP19@1000-1767		20375.02644291427		82116.64896682557
PUMP19@1000-1767		20361.6758559905		82047.2160099009
PUMP23@1683-1684		12799.702801224776		57915.99779698253
PUMP34@5010-5009		11376.975318375975		53075.12003650516
PUMP34@5010-5009		11271.511254594661		53185.79929060396
PUMP35@5010-5009		11324.888961520046		53046.524718282744
PUMP35@5010-5009		11225.018592120148		53151.79880369175
PUMP36@5010-5009		11352.966061039828		53056.665015209466
PUMP36@5010-5009		11249.943289378658		53167.17767472472
PUMP38@2999-5007		9176.068077125587		53940.77256284654
PUMP38@2999-5007		9415.508107008412		53863.79105024133
PUMP39@2999-5007		9152.730137012899		53905.98015922401
PUMP39@2999-5007		9391.760075865313		53824.983593405224
PUMP40@2999-5007		9205.147053351626		54031.773378457874
PUMP40@2999-5007		9434.763363948092		53955.46184817515
PUMP42@5220-5106		9983.353755661286		53410.33250538446
PUMP42@5220-5106		10057.573118998669		53373.39251217991
PUMP42@5220-5106		10001.074583879672		53254.09547288902
PUMP43@5220-5106		9964.87555749435		53437.67274221685
PUMP43@5220-5106		10098.500850760378		53374.94646288082
PUMP43@5220-5106		10033.641309250146		53260.56646259315
PUMP52@7005-7000		11431.262819827534		40901.54150467925
PUMP52@7005-7000		11219.944386353716		41227.499045143835
PUMP54@5879-5878		8728.996660341509		44318.302600838244
PUMP54@5879-5878		9167.81519338768		44604.54450338334
PUMP65@6095-6090		64906.658505797386		71197.9600575883
PUMP65@6095-6090		64824.23496471904		71165.38136505056
PUMP65@6095-6090		64753.58283438068		71230.44653962087
PUMP66@6095-6090		64903.09516793862		71233.46762699448
PUMP66@6095-6090		64830.93853923306		71213.41256710514
PUMP66@6095-6090		64788.10097790044		71251.60061409045
PUMP67@6095-6090		64921.232187394984		71164.6396434065
PUMP67@6095-6090		64815.45162489172		71132.18539362121
PUMP69@6095-6093		65036.683033519424		71203.78083897382
PUMP69@6095-6093		65045.59320153762		71115.01100794878
PUMP80@82062-8010		46511.44409909379		53398.50539231952
PUMP80@82062-8010		44232.85773541685		55349.336744084954
PUMP80@82062-8010		41100.901530228555		53077.6986625772
PUMP81@11600-11601		25478.745431907475		79545.2867046548
PUMP81@11600-11601		25857.878664891236		79836.98329514172
PUMP82@11600-11601		25975.129417949356		79770.27187573072
ORIFICE40@8205-8103		54394.57024174463		47928.1654850347
ORIFICE40@8205-8103		53268.54091694765		48918.648889090866
PCI12ANO3_SLUICE1		39796.79613793362		24435.510345429182
PCI12ANO3_SLUICE1		40109.378760574386		24660.97171497345
PCI12ANO3_SLUICE2		39783.67338952515		24355.490662937053
PCI12ANO3_SLUICE2		39593.33605763875		24539.413007811643
PCI12ANO3_SLUICE2		40037.63050036505		24867.14425547421
PCI12ANO3_SLUICE2		40253.56606409792		24667.315048956312
PCI67NO5_SLUICE1		39840.0698200278		34228.08107350208
PCI67NO5_SLUICE1		39422.019247520715		34587.992834744975
PCI67NO5_SLUICE2		39967.517411063425		34116.14558538422
PCI67NO5_SLUICE2		39813.581356527284		33991.4504326405
PCI67NO5_SLUICE2		39145.95436121337		34564.61775167007
PCI67NO5_SLUICE2		39342.62966343667		34712.776736388914
PCI78NO6_SLUICEG		46095.58399743866		29121.820490069687
PCI78NO6_SLUICEG		46261.91064246558		29109.523561872542
PCI78NO6_SLUICEG		46120.40794732608		29007.607410013676
PCI8NO7_SLUICEG		48176.660682638176		29377.40737309493
PCI8NO7_SLUICEG		47794.654562260956		29697.487776762806
PCI9NO8_SLUICE1		54604.87498879619		24085.90336600691
PCI9NO8_SLUICE1		54385.477820926346		24082.7808817653
PCI9NO8_SLUICE2		54684.70715687703		24126.352647932246
PCI9NO8_SLUICE2		54677.038696650416		23969.111718605272
PCI9NO8_SLUICE2		54313.3295121612		23976.29327788949
RC1157A		26219.781760915183		79983.4586261008
PCI12ANO3_WEIR		40113.37348318566		24132.195822845213
PCI12ANO3_WEIR		40452.36743461806		24392.295074034482
PCI67NO5_WEIR		40216.164797760546		34511.881300332956
PCI67NO5_WEIR		39876.719444043934		34814.18471127655
PCI8NO7_WEIR		48455.62214089651		29574.865335886367
PCI8NO7_WEIR		48083.309355712496		29907.28455264587
PCI9NO8_WEIR		54708.0755965719		24413.828927333467
PCI9NO8_WEIR		54134.3339021923		24418.684339200146
